100 157.2
200 313.2
300 469.5
400 624.9
500 786.0
600 938.3
700 1101.3
800 1249.7
900 1414.9
1000 1571.4
1100 1726.6
1200 1885.6
1300 2045.2
1400 2203.9
1500 2349.3
1600 2513.0
1700 2651.8
1800 2825.3
1900 2971.4
2000 3125.7
--
100 158.6
200 316.5
300 470.0
400 627.8
500 786.8
600 940.0
700 1102.3
800 1251.5
900 1412.6
1000 1562.2
1100 1726.0
1200 1887.2
1300 2019.5
1400 2188.0
1500 2341.3
1600 2519.3
1700 2671.6
1800 2838.6
1900 2985.2
2000 3140.6
--
100 158.3
200 316.3
300 470.0
400 628.4
500 785.8
600 943.7
700 1095.7
800 1251.4
900 1409.3
1000 1559.9
1100 1721.5
1200 1882.3
1300 2047.1
1400 2207.5
1500 2349.8
1600 2501.4
1700 2671.8
1800 2843.0
1900 2991.0
2000 3141.9
--
100 156.9
200 312.9
300 467.7
400 621.4
500 790.5
600 943.0
700 1108.0
800 1251.8
900 1416.2
1000 1570.6
1100 1725.6
1200 1890.0
1300 2046.7
1400 2204.1
1500 2347.7
1600 2534.0
1700 2658.7
1800 2831.5
1900 3002.8
2000 3135.2
--
