5 54.0
55 129.0
105 173.0
155 260.0
205 323.0
255 412.0
305 508.0
355 569.0
405 665.0
455 747.0
505 790.0
555 884.0
605 1423.0
655 1012.0
705 1106.0
755 1187.0
805 1267.0
855 1372.0
905 1420.0
955 2568.0
1005 2768.0
1055 3367.0
1105 3459.0
1155 3951.0
1205 4376.0
1255 5688.0
1305 5699.0
1355 5785.0
1405 6410.0
1455 7196.0
1505 8077.0
1555 7831.0
1605 8640.0
1655 9287.0
1705 9142.0
1755 10587.0
1805 9793.0
1855 11285.0
1905 11745.0
1955 12124.0
--
5 10.0
55 108.0
105 163.0
155 247.0
205 315.0
255 424.0
305 485.0
355 561.0
405 629.0
455 690.0
505 768.0
555 848.0
605 911.0
655 998.0
705 1070.0
755 1127.0
805 1220.0
855 1298.0
905 1336.0
955 1473.0
1005 1561.0
1055 1596.0
1105 1699.0
1155 1784.0
1205 1862.0
1255 1933.0
1305 2010.0
1355 2197.0
1405 2209.0
1455 2276.0
1505 2396.0
1555 2413.0
1605 2612.0
1655 2622.0
1705 2724.0
1755 2829.0
1805 2888.0
1855 3012.0
1905 3046.0
1955 3110.0
--
5 11.0
55 94.0
105 185.0
155 269.0
205 330.0
255 409.0
305 485.0
355 565.0
405 610.0
455 700.0
505 762.0
555 849.0
605 908.0
655 967.0
705 12777.0
755 15042.0
805 1194.0
855 1280.0
905 2106.0
955 1411.0
1005 42236.0
1055 40286.0
1105 46754.0
1155 45799.0
1205 72454.0
1255 77188.0
1305 69536.0
1355 103364.0
1405 115375.0
1455 119617.0
1505 119205.0
1555 156093.0
1605 192922.0
1655 214363.0
1705 222186.0
1755 210239.0
1805 251430.0
1855 309462.0
1905 292876.0
1955 306012.0
--
5 8.0
55 96.0
105 168.0
155 261.0
205 332.0
255 418.0
305 477.0
355 547.0
405 624.0
455 690.0
505 762.0
555 804.0
605 882.0
655 958.0
705 1017.0
755 1099.0
805 1187.0
855 1239.0
905 1367.0
955 1427.0
1005 1509.0
1055 1609.0
1105 1690.0
1155 1882.0
1205 2371.0
1255 3511.0
1305 4243.0
1355 4407.0
1405 5053.0
1455 5347.0
1505 6061.0
1555 6438.0
1605 6936.0
1655 7477.0
1705 7221.0
1755 8166.0
1805 8997.0
1855 9065.0
1905 10544.0
1955 11383.0
