0 44 35 42 48 44 32 34 39 39 47
1 31 34 36 34 31 34 34 32 32 35
2 33 33 34 34 34 34 35 32 34 32
3 33 33 35 36 35 33 34 34 34 35
4 34 37 34 32 32 35 36 34 35 35
5 35 38 36 36 36 35 37 33 36 35
6 37 38 38 35 39 35 35 37 37 36
7 37 38 38 38 38 38 37 39 37 38
8 40 39 37 38 40 39 40 39 37 38
9 39 41 40 41 37 38 40 39 38 41
-separator-
0 44 39 37 41 39 41 41 34 37 37
1 35 32 32 34 31 30 34 39 34 32
2 33 34 31 32 34 32 33 31 32 32
3 33 35 33 32 33 33 33 33 33 34
4 38 35 34 34 37 37 36 34 36 33
5 35 36 37 36 38 36 37 36 35 35
6 37 37 37 41 38 36 36 37 35 38
7 37 37 39 37 37 37 37 38 37 38
8 38 43 39 39 40 39 37 37 38 38
9 43 39 41 40 39 40 42 41 42 40
-separator-
0 55 54 52 50 52 40 46 48 44 46
1 31 31 47 53 31 32 42 32 30 32
2 42 32 35 33 34 33 31 50 33 31
3 55 40 33 32 53 34 33 47 33 34
4 35 34 35 36 35 35 47 38 46 33
5 36 50 42 35 44 35 44 36 41 34
6 37 50 36 37 35 36 38 37 37 36
7 38 40 55 56 55 38 37 37 47 54
8 39 39 45 38 39 38 39 37 50 46
9 57 42 46 55 39 37 53 39 40 50
-separator-
0 167 84 70 73 113 133 102 101 68 104
1 188 111 164 319 70 322 319 129 101 320
2 743 226 801 540 480 223 192 165 803 191
3 726 780 763 339 793 767 110 767 510 379
4 134 133 37 104 108 133 206 637 766 329
5 100 175 84 209 236 304 238 111 165 199
6 239 174 80 174 196 320 102 78 202 79
7 143 115 136 266 148 114 149 274 85 429
8 165 83 148 87 119 144 149 83 84 85
9 129 56 87 116 69 86 80 399 171 102
-separator-
