0 50 48 44 48 34 34 34 39 37 35
1 34 34 41 32 38 32 32 32 32 32
2 32 34 40 38 34 31 32 32 33 30
3 32 31 35 34 33 48 35 36 34 32
4 34 32 35 35 32 35 30 45 34 33
5 32 34 37 29 34 30 36 46 40 39
6 34 38 33 35 36 36 35 34 32 37
7 34 34 35 33 39 34 37 39 37 38
8 37 33 34 36 39 37 35 37 36 35
9 31 38 34 35 33 35 36 42 39 34
-separator-
0 38 38 41 30 38 39 39 38 42 39
1 39 44 40 31 31 38 39 37 30 33
2 31 32 45 31 31 32 32 32 33 34
3 32 46 32 32 33 32 34 36 30 34
4 31 35 32 32 35 37 36 35 32 34
5 32 33 36 35 34 32 31 41 31 43
6 36 33 39 33 33 37 36 43 33 36
7 35 35 35 38 36 37 37 32 38 35
8 37 34 38 38 37 34 31 36 31 32
9 49 38 38 36 33 38 37 31 45 35
-separator-
0 40 39 50 49 44 31 49 32 35 34
1 35 32 35 32 48 49 50 73 42 32
2 38 33 49 31 45 45 46 39 47 39
3 40 32 46 54 55 31 47 31 33 32
4 46 31 46 32 42 30 49 34 33 50
5 33 34 44 46 48 30 48 30 47 54
6 51 48 40 35 54 34 44 50 50 55
7 49 55 54 43 38 39 53 38 42 38
8 57 54 37 45 47 38 44 40 32 53
9 50 34 36 46 36 31 32 37 43 54
-separator-
0 120 133 76 68 66 72 74 69 69 105
1 48 109 67 66 134 160 103 133 85 146
2 256 69 66 332 75 112 134 140 165 69
3 135 85 170 101 222 420 98 333 74 171
4 202 196 96 131 136 173 349 70 137 442
5 165 132 79 74 66 132 106 206 162 204
6 268 234 105 205 77 171 566 137 164 260
7 104 390 75 100 441 70 130 98 195 114
8 264 276 205 231 73 139 133 101 227 113
9 116 107 68 171 75 131 101 279 106 112
-separator-
