0 32 16 14 15 14 13 13 13 13 12
5 38 38 36 34 38 33 44 33 35 36
10 38 35 38 41 43 39 45 44 38 34
15 32 32 31 31 30 31 31 29 31 31
20 42 39 37 39 34 42 39 36 39 40
25 56 53 52 56 51 53 54 54 52 56
30 63 54 56 71 66 68 42 57 69 68
35 48 48 50 49 51 50 50 49 50 49
40 64 74 76 64 68 70 63 70 69 69
45 72 77 66 71 68 67 71 70 71 74
50 70 69 69 63 71 70 72 72 62 74
55 69 67 68 85 68 65 68 76 66 87
60 86 72 71 100 73 71 100 71 97 86
65 85 98 91 94 83 99 93 100 94 88
70 100 102 103 102 92 101 98 102 101 107
75 116 104 86 100 112 89 113 110 101 108
80 104 102 99 99 96 100 99 102 100 92
85 101 101 104 100 100 101 101 101 116 104
90 128 130 103 128 117 115 116 129 117 129
95 125 134 107 133 117 134 127 133 131 132
-separator-
0 13 13 13 14 12 13 14 13 13 15
5 39 37 39 40 41 36 40 39 37 38
10 38 33 33 39 40 42 38 40 40 43
15 38 36 38 38 38 42 44 51 36 36
20 54 54 43 54 51 45 53 44 54 58
25 48 53 49 58 55 60 56 57 53 48
30 56 56 58 53 53 66 54 52 54 56
35 72 57 67 55 70 70 58 67 72 69
40 67 66 69 65 70 65 65 70 72 67
45 72 69 73 75 70 67 73 71 68 68
50 71 72 75 72 79 78 86 84 71 83
55 82 87 76 86 85 79 80 87 83 85
60 82 94 84 84 81 86 83 86 83 83
65 89 94 102 97 85 100 88 84 89 87
70 98 104 101 101 99 97 103 103 98 97
75 108 103 103 105 103 105 103 103 103 101
80 100 101 116 114 100 110 102 111 115 111
85 118 117 118 117 106 111 112 113 116 121
90 117 115 121 113 120 118 127 112 112 115
95 126 130 129 114 120 116 127 116 116 116
-separator-
0 54 13 13 15 12 13 14 14 13 16
5 31 39 40 36 38 31 38 39 39 39
10 40 50 48 46 56 55 30 46 48 55
15 52 52 46 51 52 54 54 53 53 57
20 67 72 68 70 70 70 70 75 68 70
25 65 66 79 70 67 70 65 76 78 72
30 85 102 85 101 92 86 102 90 101 93
35 99 98 88 101 90 86 99 101 86 101
40 112 113 105 103 113 101 102 115 115 101
45 107 116 110 109 117 112 118 119 114 119
50 130 134 132 132 132 131 130 133 129 132
55 126 131 133 135 132 137 140 131 133 133
60 149 139 148 148 147 150 147 146 150 147
65 149 158 153 150 150 158 150 148 147 150
70 171 177 177 163 177 164 169 163 163 164
75 175 177 167 167 164 179 179 182 178 177
80 198 197 198 193 199 193 193 189 196 191
85 187 191 195 192 189 195 198 193 195 193
90 201 199 210 209 207 203 200 205 213 208
95 214 207 210 206 208 212 212 212 214 213
-separator-
0 13 12 14 14 13 14 13 14 12 14
5 26 26 27 28 27 36 26 36 26 26
10 114 113 71 104 173 99 73 183 143 71
15 32 45 40 32 30 69 32 50 33 31
20 39 83 38 43 41 85 41 83 77 38
25 37 35 65 66 65 66 36 65 64 65
30 41 43 78 46 54 79 51 38 41 52
35 54 52 52 56 51 50 52 68 69 49
40 116 116 116 197 52 133 52 139 51 134
45 108 105 105 116 55 54 55 106 112 56
50 74 69 141 146 142 142 143 71 72 142
55 68 69 72 70 83 147 69 74 70 72
60 73 82 69 69 79 76 70 82 81 80
65 149 147 146 146 260 162 75 149 162 78
70 83 83 80 194 201 83 379 81 196 82
75 93 89 93 192 92 95 90 89 90 92
80 102 98 200 228 188 203 205 103 202 205
85 198 187 96 187 186 97 95 97 187 186
90 101 108 210 110 105 107 102 111 101 102
95 112 112 119 109 110 112 114 112 114 112
-separator-
