0 49 38 31 30 22 35 22 36 21 38
5 39 34 35 48 33 39 36 33 34 42
10 61 53 63 52 48 49 53 52 51 59
15 58 55 55 50 52 64 55 65 56 53
20 75 82 83 86 83 80 85 80 81 87
25 84 84 87 81 80 80 88 72 83 81
30 94 91 99 90 98 84 99 99 87 98
35 91 102 97 100 95 101 99 98 97 100
40 122 117 115 115 114 116 112 112 117 117
45 126 114 119 117 115 118 114 117 111 116
50 147 145 142 147 150 148 149 148 150 151
55 142 135 145 136 134 134 138 132 144 145
60 148 146 159 146 145 161 146 161 154 155
65 150 162 159 163 156 164 149 163 162 157
70 182 172 171 180 177 183 181 195 175 180
75 175 175 179 171 179 179 184 175 175 178
80 210 210 198 206 208 206 209 207 202 205
85 200 194 193 194 201 192 207 205 192 192
90 211 210 207 211 210 220 208 210 208 208
95 216 214 220 225 218 217 212 210 222 222
-separator-
0 35 37 40 38 30 30 39 25 40 38
5 44 39 39 38 39 37 39 46 38 36
10 49 43 56 51 55 51 40 54 51 49
15 49 52 54 40 47 54 56 39 53 42
20 71 69 55 64 56 61 69 60 67 68
25 65 52 55 56 54 63 54 60 60 66
30 83 60 81 85 66 61 68 71 70 70
35 69 67 67 71 73 68 69 69 72 68
40 82 84 83 71 80 86 83 80 86 73
45 74 71 83 72 83 83 85 85 86 83
50 102 90 93 102 94 86 97 89 102 98
55 95 88 85 88 86 85 86 90 84 86
60 89 96 104 98 98 98 89 97 101 100
65 91 100 98 97 99 106 96 98 97 98
70 118 108 116 115 110 114 112 112 109 117
75 114 112 115 106 114 101 105 114 110 105
80 121 127 118 107 133 132 133 122 124 132
85 121 114 125 125 115 119 113 115 117 123
90 129 132 117 126 136 130 132 130 122 123
95 130 132 126 131 121 131 132 129 132 132
-separator-
0 46 44 53 41 55 41 52 42 52 40
5 50 40 45 40 44 39 44 35 40 32
10 64 51 51 53 59 64 59 50 50 66
15 49 57 55 55 53 59 59 53 55 53
20 83 86 75 77 87 79 80 88 83 82
25 74 70 76 84 71 70 73 77 69 71
30 104 87 86 102 93 87 96 97 86 84
35 94 100 100 103 93 98 102 100 97 94
40 121 124 118 126 117 115 116 120 119 113
45 113 114 120 118 111 120 112 124 119 114
50 150 142 145 149 141 146 149 144 141 143
55 141 143 140 144 131 127 144 147 140 139
60 152 156 156 148 147 147 157 148 158 149
65 164 154 158 165 161 166 156 163 163 159
70 178 184 175 181 176 185 176 185 173 182
75 171 184 177 177 178 177 175 178 173 180
80 207 210 206 202 206 208 208 203 211 207
85 198 192 193 200 194 204 200 192 202 196
90 214 209 210 208 210 206 213 214 222 211
95 212 212 211 228 217 211 212 222 210 222
-separator-
0 68 71 31 72 32 63 68 30 30 69
5 73 71 134 108 102 167 107 167 101 70
10 49 57 57 51 57 60 53 54 57 52
15 39 39 53 36 39 41 39 38 39 42
20 54 54 58 47 50 57 58 54 57 61
25 112 103 81 78 110 129 107 79 104 113
30 54 53 144 55 53 55 55 59 56 55
35 73 69 68 70 67 61 65 69 70 70
40 147 147 147 148 145 144 147 153 148 148
45 117 116 77 230 80 116 118 68 166 222
50 102 95 1579 99 1565 100 93 101 103 93
55 252 101 224 219 222 217 227 224 226 164
60 103 103 101 101 105 107 99 105 96 105
65 102 96 99 87 100 102 99 100 99 102
70 98 101 98 104 97 106 102 101 103 117
75 176 102 176 274 179 181 177 227 202 209
80 235 103 236 240 241 239 242 104 243 239
85 126 114 116 121 117 747 316 316 119 426
90 240 241 238 242 250 142 142 141 244 144
95 117 242 261 219 220 256 492 221 220 116
-separator-
