0 47 35 39 41 37 51 48 29 38 37
5 38 35 46 33 44 35 36 34 33 39
10 63 53 54 48 53 52 55 40 51 56
15 23 24 23 24 23 23 26 25 22 23
20 60 40 38 64 36 36 37 36 64 36
25 34 36 34 34 33 34 33 33 33 32
30 53 49 55 54 38 40 40 54 54 41
35 44 45 43 44 45 44 42 43 43 44
40 55 50 62 52 54 53 53 51 56 53
45 52 53 54 53 54 53 54 52 55 53
50 61 70 71 65 71 73 70 68 68 69
55 64 65 64 64 66 63 64 66 63 63
60 73 79 73 84 73 77 85 82 84 69
65 74 74 74 74 73 75 72 72 74 74
70 87 85 84 85 87 91 84 92 82 88
75 82 85 84 86 83 84 83 84 83 84
80 94 98 100 100 93 100 102 101 99 101
85 96 95 96 93 94 94 94 94 94 95
90 104 112 99 101 100 98 103 113 102 111
95 104 104 104 103 104 106 105 103 104 105
-separator-
0 41 38 43 39 39 40 39 39 39 45
5 41 39 39 38 37 40 40 39 33 40
10 45 36 49 38 38 48 39 23 36 35
15 38 24 38 22 25 23 45 23 24 24
20 40 45 39 40 38 38 40 39 36 40
25 36 34 35 34 33 34 33 33 34 35
30 54 40 40 52 51 41 53 50 52 39
35 44 43 42 43 42 43 43 45 43 43
40 50 50 52 52 56 52 59 52 55 49
45 54 53 53 53 54 54 56 53 53 53
50 66 64 68 70 70 67 71 60 71 74
55 65 64 65 64 63 64 64 65 62 65
60 78 76 77 84 71 77 70 84 78 69
65 73 74 75 73 73 74 75 77 73 75
70 78 87 84 85 85 87 83 87 80 80
75 84 84 82 85 83 86 83 84 84 85
80 98 96 99 101 104 100 98 94 91 97
85 94 93 94 94 94 95 93 94 94 96
90 107 103 104 103 101 103 101 100 110 100
95 102 105 104 105 102 103 105 104 104 105
-separator-
0 45 53 60 46 54 53 52 55 52 53
5 45 38 50 47 43 36 37 49 31 45
10 56 62 50 55 54 42 55 55 54 59
15 25 22 24 25 23 24 24 23 23 24
20 62 47 39 39 41 38 40 38 37 40
25 33 33 34 33 36 35 33 34 32 34
30 41 52 53 41 49 52 41 43 52 54
35 42 42 43 43 46 43 43 42 44 44
40 55 62 51 53 53 56 51 50 56 58
45 53 54 52 53 54 54 55 55 54 53
50 63 74 70 70 69 68 72 67 68 71
55 66 65 65 65 65 65 64 63 64 62
60 80 70 70 74 70 76 70 70 81 74
65 74 74 74 75 74 76 74 74 73 73
70 86 88 85 87 88 81 86 83 88 86
75 84 84 84 85 84 84 85 84 82 83
80 94 99 100 102 102 102 91 100 101 94
85 96 93 95 93 95 93 95 94 94 96
90 114 113 111 103 114 112 110 100 103 112
95 106 104 105 103 104 104 104 102 104 104
-separator-
0 37 41 39 39 41 42 38 40 48 40
5 101 114 68 194 75 74 102 70 102 75
10 46 51 51 55 69 57 51 56 56 56
15 22 23 23 25 23 24 24 24 22 23
20 40 40 58 53 54 36 40 40 39 41
25 35 34 32 33 33 33 35 33 34 32
30 42 54 52 53 54 40 39 38 56 45
35 43 43 43 44 43 43 44 45 42 44
40 64 59 57 53 52 53 53 54 54 54
45 54 54 55 53 55 52 54 54 53 55
50 67 69 71 66 67 73 71 67 71 67
55 63 65 64 64 64 65 63 64 63 64
60 81 76 70 70 71 74 83 71 71 71
65 76 74 73 75 72 75 74 73 73 73
70 92 84 87 84 85 94 91 91 84 83
75 84 83 83 84 83 86 82 85 84 84
80 96 98 103 104 100 102 101 103 102 103
85 93 95 93 93 95 93 94 94 96 96
90 102 114 101 99 105 100 103 104 111 113
95 102 104 104 104 105 105 104 104 104 104
-separator-
