0 53 54 51 45 37 55 42 56 46 46
5 62 46 51 55 52 63 49 55 64 62
10 37 38 35 37 31 39 38 40 38 39
15 38 40 38 38 37 39 40 39 38 35
20 52 49 40 41 42 39 40 54 46 54
25 41 40 41 40 40 51 39 53 53 53
30 51 55 53 54 53 54 55 55 51 53
35 54 55 56 55 53 55 47 57 55 55
40 69 70 70 72 68 69 72 59 71 71
45 71 67 63 65 60 71 61 68 69 68
50 70 81 72 78 69 69 71 68 70 71
55 84 70 69 68 69 70 78 76 84 73
60 85 82 87 91 82 87 87 83 90 87
65 87 86 91 86 87 87 86 87 84 87
70 103 103 101 99 100 103 99 105 101 102
75 102 102 91 104 92 102 88 101 104 101
80 110 101 100 103 101 101 101 101 108 103
85 105 102 109 102 113 106 99 102 99 103
90 117 116 118 118 116 115 115 114 116 116
95 115 115 116 118 115 119 116 122 115 116
-separator-
0 30 39 36 39 36 38 39 40 41 34
5 35 37 39 51 47 42 44 37 41 39
10 40 37 38 37 41 39 44 33 40 38
15 40 37 39 39 38 39 39 39 39 40
20 40 53 40 40 40 41 39 40 38 41
25 44 40 42 50 54 54 40 38 41 50
30 54 55 54 55 54 55 55 57 56 54
35 56 55 58 57 51 56 56 54 56 58
40 69 71 70 72 70 65 71 73 73 72
45 70 69 69 70 71 69 74 64 70 71
50 71 71 83 72 70 73 70 74 72 71
55 70 71 71 72 72 70 75 71 84 70
60 86 78 83 89 87 87 87 87 86 86
65 83 85 84 87 84 88 90 85 87 86
70 100 94 103 102 89 94 103 91 92 90
75 103 89 102 100 90 101 96 153 106 89
80 98 102 112 111 100 102 101 101 103 105
85 112 101 101 100 103 106 103 101 104 102
90 123 114 118 117 115 119 117 119 115 110
95 116 120 124 116 117 118 114 117 117 118
-separator-
0 56 56 57 57 42 39 56 54 45 56
5 54 49 54 54 56 56 52 55 53 54
10 39 41 39 37 40 39 35 39 27 37
15 40 37 40 40 39 40 38 39 42 41
20 38 38 39 49 38 41 40 45 41 38
25 54 40 39 40 40 40 46 42 42 41
30 50 57 61 50 61 51 57 62 58 64
35 52 56 55 56 53 54 54 55 54 56
40 66 70 71 68 69 67 75 71 69 74
45 61 68 67 70 60 70 60 70 72 73
50 68 71 68 75 80 70 74 71 72 71
55 71 71 71 70 83 69 69 72 74 69
60 87 87 86 87 86 82 87 87 89 85
65 79 86 87 84 85 85 86 85 83 85
70 100 103 103 95 98 102 103 100 102 102
75 99 104 103 102 102 103 103 100 99 103
80 101 98 115 99 113 102 111 103 259 112
85 99 104 103 110 101 101 101 114 100 102
90 123 113 116 114 108 117 114 120 115 115
95 116 112 113 117 116 116 115 109 116 117
-separator-
0 44 45 40 39 42 37 40 37 39 39
5 44 40 39 39 34 72 78 40 41 39
10 28 41 38 40 41 39 40 40 30 38
15 30 41 41 39 40 40 38 40 39 35
20 40 38 40 44 39 42 44 40 41 40
25 42 46 40 40 41 42 40 41 42 39
30 53 56 56 55 56 55 50 57 55 56
35 59 62 47 55 55 54 53 51 55 53
40 65 67 71 66 66 68 73 71 71 64
45 66 64 71 67 67 66 69 67 69 68
50 83 69 71 71 73 79 75 79 70 81
55 70 78 71 71 70 75 71 83 72 80
60 91 82 87 87 82 87 88 85 88 82
65 84 92 86 86 88 79 88 86 89 88
70 92 99 103 91 102 102 97 90 101 104
75 101 88 101 91 104 103 97 101 103 102
80 110 110 102 112 108 106 101 102 105 107
85 104 110 101 113 100 103 112 101 104 112
90 110 114 109 111 123 118 116 119 122 111
95 117 119 117 118 123 116 118 119 114 117
-separator-
